40 1
0 1 1
1
1 2 2
0 2
2 3 2
1 3
3 4 2
2 4
4 5 2
3 5
5 6 2
4 6
6 7 2
5 7
7 8 2
6 8
8 9 2
7 9
9 10 2
8 10
10 11 2
9 11
11 12 2
10 12
12 13 2
11 13
13 14 2
12 14
14 15 2
13 15
15 16 2
14 16
16 17 2
15 17
17 18 2
16 18
18 19 2
17 19
19 20 2
18 20
20 21 2
19 21
21 22 2
20 22
22 23 2
21 23
23 24 2
22 24
24 25 2
23 25
25 26 2
24 26
26 27 2
25 27
27 28 2
26 28
28 29 2
27 29
29 30 2
28 30
30 31 2
29 31
31 32 2
30 32
32 33 2
31 33
33 34 2
32 34
34 35 2
33 35
35 36 2
34 36
36 37 2
35 37
37 38 2
36 38
38 39 2
37 39
39 40 1
38
